0
0
0
0
0
0
0
0
0
0
0
0
8
0
0
0
0
0
0
0
0
0
0
0
0
0
0
0
0
0
0
0
0
0
4
4
4
4
4
0
0
0
0
0
8
0
0
0
0
0
0
0
0
0
0
0
0
0
0
0
0
0
0
0
0
0
0
0
0
0
4
4
4
4
4
4
8
0
9
7
7
7
7
7
7
7
15
7
7
7
7
3
0
0
0
0
0
0
0
0
0
0
0
0
0
0
0
0
8
0
8
0
0
0
0
0
0
0
8
5
0
0
0
0
0
0
0
0
0
0
0
0
0
0
0
0
0
0
0
0
8
0
8
0
0
0
0
0
0
0
8
5
0
0
0
0
0
0
0
0
0
0
0
0
0
0
0
9
7
7
7
7
13
7
11
0
0
0
0
0
0
0
8
5
0
0
0
0
0
0
0
0
0
0
0
4
0
0
0
8
0
0
0
0
0
0
0
0
0
0
0
0
0
0
8
5
0
0
0
0
0
0
0
0
0
0
0
8
0
0
0
8
0
0
0
0
0
0
0
0
0
0
0
0
0
0
8
5
5
5
5
5
5
5
5
5
0
0
0
8
0
0
0
8
0
0
0
0
0
0
0
0
0
0
0
0
0
0
8
5
5
5
5
5
5
5
5
5
0
0
0
8
0
0
0
8
0
0
0
0
0
0
0
0
0
0
0
0
0
0
8
5
5
5
5
5
5
5
5
5
7
7
7
13
7
7
7
6
7
7
7
2
2
2
2
2
2
2
2
2
7
7
13
7
7
7
7
7
7
7
7
7
0
0
0
0
0
0
0
8
0
0
0
0
0
0
0
0
0
0
0
0
0
0
0
0
0
0
0
0
0
0
0
0
0
0
0
0
0
0
0
6
7
7
7
7
7
7
15
7
15
7
7
7
7
7
7
7
7
7
7
7
7
7
7
7
7
7
7
7
7
7
7
6
7
7
7
7
7
7
6
7
6
7
7
7
7
7
7
7
7
7
7
7
7
7
7
7
7
7
7
7
7
6
6
6
7
7
7
7
7
7
13
7
13
7
7
7
7
7
7
7
7
7
7
7
7
7
7
7
0
0
0
0
0
1
1
8
0
0
0
0
0
0
0
0
0
0
0
0
0
0
0
0
0
0
0
0
0
0
0
0
0
0
0
0
0
0
0
8
0
0
0
0
0
0
0
0
0
0
0
0
0
0
0
0
0
0
0
0
0
0
0
0
0
0
0
0
0
0
0
8
0
0
0
0
0
0
0
0
0
0
0
0
0
0
0
0
0
0
0
0
0
0
0
0
0
0
0
0
0
0
0
8
0
0
0
0
0
0
0
0
0
0
0
0
0
0
0
0
0
0
0
0
0
0
0
0
0
0
0
0
0
0
0
8
0
0
0
0
0
0
0
0
0
0
0
0
0
0
0
0
0
0
0
0
0
0
0
0
0
13
19
12
